10 1100001
32 111
33 110011001
34 100111
44 010001
46 011000
59 110011101
63 01000001
65 0100000010
66 01101010
68 0100001101
69 0100000011
72 0100001100
73 011010111
76 1100111001
77 0110100
78 010000100
79 0100001111
80 1100111000
83 0100001010
84 0100001110
87 110011000
89 0100001011
97 1000
98 1100000
99 0110011
100 10010
101 000
102 110101
103 110001
104 0011
105 0101
106 011010110
107 0110010
108 01001
109 110010
110 0111
111 1010
112 11001101
114 11011
115 0010
116 1011
117 110100
118 11001111
119 011011
120 010000000
121 100110
